900;337
900;339
900;340
901;340
899;336
900;336
900;338
901;338
900;337
901;337
901;336
902;336
902;333
904;330
906;329
906;324
908;321
910;318
913;315
916;312
920;309
924;306
928;303
933;303
942;301
948;301
953;299
959;300
964;300
975;304
981;307
986;309
991;313
1000;322
1004;325
1008;333
1015;344
1019;354
1021;360
1023;370
1023;379
1021;395
1018;406
1013;412
1008;423
1002;437
996;440
990;444
979;458
973;464
968;474
963;480
958;486
950;495
945;501
941;505
937;510
933;514
928;520
926;523
925;526
924;528
924;531
928;531
929;535
931;536
940;537
944;535
950;533
956;532
962;535
968;536
974;533
986;538
992;539
998;541
1004;542
1009;544
1014;544
1019;545
1026;546
1029;547
1031;548
1033;548
1037;550
1039;550
1041;551
1042;552
1044;551
1044;552
1047;552
1049;552
1050;551
1051;550
1051;548
1049;547
1048;547
1047;548
1045;552
