903;334
904;334
905;334
906;334
906;333
908;333
911;330
914;330
917;329
920;327
923;324
933;323
938;320
944;320
949;318
954;317
959;316
964;316
968;314
973;314
977;317
980;318
984;321
986;322
989;325
991;329
992;332
994;343
994;347
993;351
993;354
990;365
989;370
985;379
983;385
980;388
977;392
975;394
972;399
964;406
961;409
957;411
954;414
950;416
947;418
945;419
944;419
946;420
947;420
952;419
956;420
960;420
964;420
968;419
973;419
978;419
990;419
997;419
1003;419
1008;419
1014;422
1020;427
1032;438
1038;442
1044;450
1049;456
1058;468
1061;475
1063;481
1064;490
1064;497
1063;503
1057;522
1053;528
1049;534
1044;542
1038;554
1026;568
1019;574
1005;586
997;589
989;592
981;595
974;604
967;605
961;606
956;605
950;604
945;598
942;594
938;588
937;585
937;584
936;581
936;579
937;578
939;581
940;583
