1126;205
1722;973
1126;204
1722;973
1126;205
1722;972
1126;205
1717;979
1126;205
1720;980
1126;205
1720;980
1126;205
1720;982
1125;205
1720;983
1125;205
1719;984
1126;204
1718;983
1125;204
1718;986
1125;205
1718;985
1125;204
1718;984
1125;204
1717;984
1126;204
1720;965
1126;204
1717;982
1125;203
1717;982
1125;203
1717;981
1125;204
1717;981
1125;203
1716;979
1125;204
1716;980
1126;204
1716;979
1126;204
1717;980
1126;204
1717;980
1126;204
1717;979
1126;204
1719;934
1127;205
1719;933
1127;205
1720;933
1127;205
1722;933
1128;205
1732;936
1128;205
1724;981
1128;205
1723;933
1129;207
1723;934
1128;205
1724;934
1129;205
1725;934
1129;207
1724;934
1129;205
1725;934
1129;207
1725;934
1129;206
1724;933
1129;206
1724;933
1129;207
1724;933
1129;206
1724;933
1129;207
1724;933
1129;206
1724;935
1128;207
1724;933
1129;206
1725;933
1129;207
1724;933
1129;207
1725;932
1129;207
1725;932
1129;207
1725;932
1129;207
1725;936
1129;207
1725;939
1129;207
1725;940
1129;207
1725;939
1129;206
1725;939
1129;207
1725;939
1129;207
1725;940
1129;207
1725;940
1128;207
1725;940
1129;207
1725;940
1128;207
1726;940
1127;206
1727;940
1127;206
1726;938
1127;206
1726;938
1127;206
1727;938
1127;206
1728;938
1127;206
1727;938
1127;206
1727;938
1127;206
1727;938
1127;206
1726;938
1127;206
1720;939
1126;206
1719;939
1127;206
1723;940
1127;206
1723;940
1127;206
1728;942
1127;206
1729;940
1127;205
1735;945
1127;205
1732;948
1127;206
1729;949
1127;206
1728;949
1127;206
1729;950
1127;206
1729;951
1128;205
1729;952
1128;205
1729;952
1128;205
1729;953
1129;206
1730;955
1129;206
1730;955
1129;206
1730;955
1129;206
1730;956
1128;207
1730;954
1129;206
1730;956
1129;207
1730;956
1129;207
1732;958
1129;206
1732;958
1129;207
1731;957
1128;206
1732;957
1128;206
1732;956
1127;206
1127;205
1733;957
1126;206
1727;962
1126;206
1731;944
1126;206
1731;949
1126;206
1731;950
1126;206
1730;953
1125;206
1731;953
1125;205
1725;958
1125;205
1729;958
1125;206
1731;961
1124;206
1730;960
1124;206
1730;959
1124;206
1730;959
1123;206
1730;959
1123;204
1730;960
1123;204
1730;959
1123;204
1729;960
1122;204
1730;959
1122;203
1735;957
1122;204
1739;994
1122;202
1730;950
1122;203
1730;951
1121;203
1730;951
1121;204
1732;975
1120;204
1718;978
1121;203
1733;964
1120;203
1734;963
1120;203
1728;967
1119;203
1730;988
1119;202
1697;863
1119;202
1713;863
1119;202
1714;638
1119;202
1702;840
1119;203
1739;859
1119;203
1118;203
1117;203
1118;203
1721;828
1118;203
1720;822
1118;203
1724;805
1118;203
1118;204
1721;833
1118;204
1118;203
1118;204
1722;832
1118;203
1723;811
1118;203
1723;831
1118;204
1721;811
1118;204
1118;203
1118;204
1720;823
1117;204
1721;826
1117;203
1117;204
1117;203
1721;832
1117;204
1117;203
1116;203
1116;202
1721;829
1116;203
1116;204
1115;203
1116;203
1116;202
1117;202
1723;807
1117;203
1117;204
1723;810
1116;203
1722;832
1115;203
1116;203
1723;808
1115;203
1721;821
1115;204
1114;203
1115;203
1723;816
1114;203
1723;838
1114;202
1113;201
1724;844
1113;203
1112;203
1112;202
1718;801
1111;200
1110;200
1651;838
1110;200
1111;200
1111;199
1112;199
1720;816
1112;199
1722;845
1111;199
1722;844
1111;199
1112;199
1111;199
1112;199
1721;820
1111;199
1721;828
1112;200
1720;832
1112;200
1112;202
1720;829
1112;202
1111;202
1112;202
1111;202
1112;203
1111;203
1719;821
1111;202
1111;201
1722;845
1111;202
1722;841
1111;202
1720;829
1111;202
1111;201
1111;202
1111;205
1112;205
1111;205
1720;828
1112;205
1111;205
1721;825
1111;205
1723;816
1111;205
1722;841
1111;205
1721;841
1111;205
1112;205
1111;205
1722;842
1112;205
1720;823
1112;205
1113;205
1114;206
1114;207
1115;207
1117;206
1721;835
1116;206
1118;205
1118;206
1118;205
1118;206
1721;837
1118;205
1118;206
1117;205
1117;206
1118;206
1118;205
1721;822
1119;204
1119;205
1722;842
1120;205
1722;841
1120;205
1722;847
1120;205
1724;804
1120;205
1721;825
1120;206
1120;205
1721;822
1120;205
1119;205
1118;205
1117;206
1117;205
1116;205
1720;830
1117;204
1117;205
1117;204
1117;205
1117;204
1721;835
1116;204
1116;203
1116;204
1117;204
1117;205
1720;823
1117;205
1721;823
1117;205
1720;819
1117;204
1719;821
1116;204
1720;820
1116;204
1117;204
1720;820
1117;205
1721;827
1117;206
1117;205
1722;832
1118;205
1720;820
1118;205
1117;206
1722;814
1117;205
1722;839
1117;205
1117;204
1117;205
1721;838
1117;205
1117;204
1720;820
1117;205
1117;202
1116;201
1721;816
1116;201
1720;826
1116;201
1720;824
1116;201
1721;829
1116;201
1721;829
1116;201
1117;201
1116;202
1116;201
1116;202
1116;201
1720;827
1116;201
1116;202
1116;201
1117;201
1722;840
1117;201
1721;822
1116;201
1116;200
1116;201
1116;200
1116;201
1115;201
1115;200
1116;201
1116;202
1116;201
1721;825
1116;201
1116;202
1117;202
1117;201
1721;829
1117;202
1119;202
1119;203
1120;203
1120;202
1121;202
1120;202
1121;202
1721;826
1121;202
1722;841
1121;202
1722;841
1120;201
1720;829
1120;201
1121;201
1722;848
1120;202
1722;845
1120;201
1722;844
1120;201
1720;827
1120;200
1120;199
1120;198
1119;198
1720;825
1119;198
1723;809
1118;198
1724;810
1118;198
1724;801
1118;198
1722;842
1119;199
1721;841
1119;198
1722;841
1119;200
1119;199
1722;839
1119;197
1118;197
1721;838
1118;197
1722;838
1117;196
1118;196
1117;197
1117;196
1116;197
1721;829
1116;197
1721;829
1116;197
1116;194
1115;195
1117;195
1117;194
1117;195
1721;841
1117;195
1117;194
1721;830
1117;194
1117;195
1118;194
1118;195
1721;824
1118;196
1117;197
1720;827
1118;196
1721;829
1118;196
1118;197
1118;198
1119;198
1118;198
1721;839
1118;199
1118;196
1117;197
1720;829
1117;196
1117;197
1720;821
1117;196
1117;198
1117;199
1114;199
1720;824
1114;199
1112;199
1112;200
1112;202
1722;842
1113;201
1113;202
1724;808
1113;202
1721;826
1113;201
1721;826
1112;202
1112;201
1112;202
1721;827
1111;201
1112;202
1112;201
1112;202
1112;201
1111;202
1721;832
1112;202
1112;201
1722;838
1111;201
1721;832
1111;200
1111;201
1111;200
1111;201
1112;201
1111;201
1721;827
1111;200
1722;838
1110;201
1722;838
1111;200
1721;826
1110;200
1111;200
1722;829
1111;200
1721;832
1111;200
1721;832
1110;200
1721;832
1111;201
1722;835
1110;201
1111;201
1722;838
1110;202
1110;201
1110;202
1722;838
1109;202
1722;835
1109;203
1109;202
1109;203
1109;201
1107;201
1108;201
1720;820
1108;201
1721;819
1108;201
1722;839
1108;202
1720;823
1107;202
1108;205
1723;812
1108;205
1109;208
1109;209
1109;208
1109;209
1109;208
1109;207
1109;208
1109;209
1109;208
1109;209
1722;835
1108;210
1721;835
1108;210
1721;835
1108;210
1108;209
1107;209
1720;824
1107;209
1720;826
1106;209
1107;209
1106;209
1721;829
1107;208
1721;832
1106;208
1107;208
1106;208
1721;832
1107;208
1721;839
1106;208
1108;209
1722;845
1108;208
1721;830
1108;208
1721;831
1108;207
1108;206
1722;842
1109;207
1722;847
1109;207
1722;842
1109;207
1109;204
1109;206
1109;205
1721;838
1109;206
1110;205
1722;835
1111;204
1722;842
1111;205
1722;842
1111;205
1722;824
1111;206
1723;818
1112;206
1724;804
1111;204
1720;820
1111;205
1111;204
1112;204
1112;205
1113;205
1721;827
1113;205
1723;809
1113;205
1723;809
1113;206
1722;838
1113;206
1722;839
1113;206
1722;839
1113;206
1720;823
1113;206
1721;830
1114;207
1113;208
1113;209
1113;208
1113;209
1722;835
1113;209
1112;209
1722;839
1112;210
1721;829
1112;210
1721;824
1112;210
1721;824
1112;210
1721;829
1112;210
1114;213
1723;810
1113;213
1722;831
1113;213
1112;212
1112;213
1111;212
1112;212
1111;212
1721;826
1111;212
1112;212
1723;847
1112;212
1111;212
1722;843
1111;211
1722;845
1112;212
1112;211
1722;841
1111;213
1112;211
1112;213
1112;212
1112;211
1722;836
1113;210
1112;211
1113;210
1112;211
1721;835
1112;209
1722;835
1112;209
1112;208
1111;207
1112;208
1111;207
1112;207
1111;207
1111;206
1111;205
1111;204
1112;204
1721;829
1112;204
1112;203
1111;203
1112;203
1111;204
1112;204
1721;830
1112;203
1721;826
1112;203
1721;829
1112;203
1111;203
1110;204
1721;831
1111;205
1110;204
1110;205
1111;206
1111;205
1721;833
1112;205
1113;206
1113;205
1722;842
1113;206
1114;206
1114;207
1722;842
1115;208
1114;208
1722;839
1115;208
1114;209
1114;208
1113;207
1721;832
1114;208
1114;207
1113;207
1113;206
1114;206
1113;208
1721;838
1113;207
1723;810
1112;210
1722;835
1113;211
1722;812
1113;211
1112;210
1721;813
1113;209
1722;812
1114;188
1721;816
1115;145
1117;140
1117;146
1723;806
1724;812
1723;812
1138;248
1723;835
1196;305
1262;341
1721;817
1720;818
1721;782
1722;761
1740;991
